0 50 50 0.001506537 0.001378927 0.001272005 
0 50 50 0.004262046 0.002984039 0.001755095 
0 50 50 0.004048032 0.002576201 0.001246877 
0 50 50 0.004077999 0.002831452 0.001425885 
0 50 50 0.003713102 0.002536527 0.001343070 
0 50 50 0.003380906 0.002259024 0.001188248 
0 50 50 0.004130267 0.002958761 0.001558335 
0 50 50 0.003788343 0.002456455 0.001236739 
0 50 50 0.004162949 0.002904519 0.001587379 
0 50 50 0.003819823 0.002645471 0.001553886 
0 50 50 0.004003600 0.002777510 0.001626724 
0 50 50 0.003657958 0.002602501 0.001315627 
0 50 50 0.005326500 0.003668518 0.001994486 
0 50 50 0.003668398 0.002471394 0.001272497 
0 50 50 0.004201703 0.002862951 0.001460079 
0 50 50 0.001972775 0.001417620 0.000816768 
0 50 50 0.003750227 0.002594747 0.001242194 
0 50 50 0.003648715 0.002561824 0.001409850 
0 50 50 0.003724959 0.001683897 0.002597391 
0 50 50 0.001546045 0.001026376 0.000533927 
0 50 50 0.001652376 0.001142935 0.000642421 
0 50 50 0.001521659 0.001032627 0.000545459 
0 50 50 0.001531428 0.001054608 0.000546070 
0 50 50 0.001687451 0.001207557 0.000700350 
0 50 50 0.001593284 0.001113029 0.000624076 
0 50 50 0.001713030 0.001195013 0.000687056 
0 50 50 0.001582173 0.001109141 0.000609389 
0 50 50 0.002116149 0.001474751 0.000794838 
0 50 50 0.002037191 0.001406452 0.000760814 
0 50 50 0.001749318 0.001186928 0.000630699 
0 50 50 0.001901464 0.001350836 0.000760774 
0 50 50 0.002194968 0.001549982 0.000780161 
0 50 50 0.001665069 0.001125231 0.000599009 
0 50 50 0.001687962 0.001151371 0.000616823 
0 50 50 0.001761521 0.001220832 0.000681284 
0 50 50 0.001782470 0.001250007 0.000695571 
0 50 50 0.001596570 0.001093532 0.000598909 
0 50 50 0.001560161 0.001050670 0.000549486 
0 50 50 0.004129974 0.003002519 0.001596579 
0 50 50 0.004151684 0.002850171 0.001454932 
0 50 50 0.004046546 0.002743040 0.001493535 
0 50 50 0.004114214 0.002960169 0.001718839 
0 50 50 0.004267282 0.002926395 0.001486581 
0 50 50 0.000857876 0.000782534 0.000714176 
0 50 50 0.000821036 0.000781552 0.000681333 
0 50 50 0.001828895 0.001262278 0.000684319 
0 50 50 0.001718477 0.001171566 0.000623905 
0 50 50 0.000842367 0.000766764 0.000696352 
0 50 50 0.001887716 0.001322902 0.000747228 
0 50 50 0.002362721 0.001631163 0.000873395 
0 50 50 0.001785363 0.001205991 0.000624586 
0 50 50 0.001875863 0.001298386 0.000704236 
0 50 50 0.001767209 0.001200351 0.000638834 
0 50 50 0.001904357 0.001310108 0.000731669 
0 50 50 0.001913344 0.001348871 0.000766894 
0 50 50 0.001704130 0.001163392 0.000607494 
0 50 50 0.001885942 0.001320747 0.000694147 
0 50 50 0.001780634 0.001229065 0.000678047 
0 50 50 0.001852589 0.001288056 0.000683768 
0 50 50 0.001870483 0.001331207 0.000719084 
0 50 50 0.001971072 0.001308986 0.000683147 
0 50 50 0.002100386 0.001496439 0.000886610 
0 50 50 0.001733876 0.001179612 0.000633644 
0 50 50 0.001699612 0.001169082 0.000609498 
0 50 50 0.000947845 0.000948807 0.000750294 
0 50 50 0.003384960 0.002232894 0.001162572 
0 50 50 0.003605907 0.002449273 0.001171833 
0 50 50 0.003330927 0.002234583 0.001146945 
0 50 50 0.003585436 0.002393030 0.001241485 
0 50 50 0.003479950 0.002288898 0.001159359 
0 50 50 0.003367080 0.002247973 0.001143386 
0 50 50 0.003534379 0.002273480 0.001156690 
0 50 50 0.003413818 0.002299182 0.001207632 
0 50 50 0.003393348 0.002306677 0.001165558 
0 50 50 0.003448491 0.002269882 0.001169019 
